id_num	yr_cde	trm_cde	crs_cde	lead_instructr_id	crs_enrollment
235972	2022	Q1	CH   201  011	237380	19
235973	2022	Q1	CH   201  011	237380	19
235974	2022	Q1	CH   201  011	237380	19
235975	2022	Q1	CH   201  011	237380	19
235976	2022	Q1	CH   201  011	237380	19
235977	2022	Q1	CH   201  011	237380	19
235978	2022	Q1	CH   201  011	237380	19
235979	2022	Q1	CH   201  011	237380	19
235980	2022	Q1	CH   201  011	237380	19
235981	2022	Q1	CH   201  011	237380	19
235982	2022	Q1	CH   201  011	237380	19
235983	2022	Q1	CH   201  011	237380	19
235984	2022	Q1	CH   201  011	237380	19
235985	2022	Q1	CH   201  011	237380	19
234628	2022	Q1	CH   201  011	237380	19
235986	2022	Q1	CH   201  011	237380	19
235987	2022	Q1	CH   201  011	237380	19
235988	2022	Q1	CH   201  011	237380	19
235989	2022	Q1	CH   201  011	237380	19
235990	2022	Q1	CH   201  012	237380	19
235991	2022	Q1	CH   201  012	237380	19
235992	2022	Q1	CH   201  012	237380	19
235993	2022	Q1	CH   201  012	237380	19
234961	2022	Q1	CH   201  012	237380	19
235994	2022	Q1	CH   201  012	237380	19
235995	2022	Q1	CH   201  012	237380	19
235996	2022	Q1	CH   201  012	237380	19
235997	2022	Q1	CH   201  012	237380	19
235998	2022	Q1	CH   201  012	237380	19
235999	2022	Q1	CH   201  012	237380	19
236000	2022	Q1	CH   201  012	237380	19
235131	2022	Q1	CH   201  012	237380	19
236001	2022	Q1	CH   201  012	237380	19
236002	2022	Q1	CH   201  012	237380	19
236003	2022	Q1	CH   201  012	237380	19
236004	2022	Q1	CH   201  012	237380	19
234749	2022	Q1	CH   201  012	237380	19
236005	2022	Q1	CH   201  012	237380	19
235441	2022	Q1	CS   1011 011	237390	22
236057	2022	Q1	CS   1011 011	237390	22
235484	2022	Q1	CS   1011 011	237390	22
236058	2022	Q1	CS   1011 011	237390	22
235488	2022	Q1	CS   1011 011	237390	22
235687	2022	Q1	CS   1011 011	237390	22
235798	2022	Q1	CS   1011 011	237390	22
235491	2022	Q1	CS   1011 011	237390	22
235907	2022	Q1	CS   1011 011	237390	22
235466	2022	Q1	CS   1011 011	237390	22
235694	2022	Q1	CS   1011 011	237390	22
235657	2022	Q1	CS   1011 011	237390	22
235471	2022	Q1	CS   1011 011	237390	22
235658	2022	Q1	CS   1011 011	237390	22
235452	2022	Q1	CS   1011 011	237390	22
236059	2022	Q1	CS   1011 011	237390	22
235861	2022	Q1	CS   1011 011	237390	22
235477	2022	Q1	CS   1011 011	237390	22
235454	2022	Q1	CS   1011 011	237390	22
236060	2022	Q1	CS   1011 011	237390	22
235897	2022	Q1	CS   1011 011	237390	22
235685	2022	Q1	CS   1011 011	237390	22
235869	2022	Q1	CS   1011 021	237391	21
235796	2022	Q1	CS   1011 021	237391	21
235959	2022	Q1	CS   1011 021	237391	21
235706	2022	Q1	CS   1011 021	237391	21
235490	2022	Q1	CS   1011 021	237391	21
236061	2022	Q1	CS   1011 021	237391	21
235494	2022	Q1	CS   1011 021	237391	21
235732	2022	Q1	CS   1011 021	237391	21
234905	2022	Q1	CS   1011 021	237391	21
235769	2022	Q1	CS   1011 021	237391	21
235499	2022	Q1	CS   1011 021	237391	21
236062	2022	Q1	CS   1011 021	237391	21
236063	2022	Q1	CS   1011 021	237391	21
236064	2022	Q1	CS   1011 021	237391	21
235774	2022	Q1	CS   1011 021	237391	21
236065	2022	Q1	CS   1011 021	237391	21
235865	2022	Q1	CS   1011 021	237391	21
235931	2022	Q1	CS   1011 021	237391	21
236066	2022	Q1	CS   1011 021	237391	21
235759	2022	Q1	CS   1011 021	237391	21
235504	2022	Q1	CS   1011 021	237391	21
235884	2022	Q1	CS   1011 031	237392	22
235483	2022	Q1	CS   1011 031	237392	22
235486	2022	Q1	CS   1011 031	237392	22
235777	2022	Q1	CS   1011 031	237392	22
235816	2022	Q1	CS   1011 031	237392	22
235873	2022	Q1	CS   1011 031	237392	22
235851	2022	Q1	CS   1011 031	237392	22
235621	2022	Q1	CS   1011 031	237392	22
235495	2022	Q1	CS   1011 031	237392	22
235608	2022	Q1	CS   1011 031	237392	22
235944	2022	Q1	CS   1011 031	237392	22
235843	2022	Q1	CS   1011 031	237392	22
235497	2022	Q1	CS   1011 031	237392	22
235893	2022	Q1	CS   1011 031	237392	22
235498	2022	Q1	CS   1011 031	237392	22
235036	2022	Q1	CS   1011 031	237392	22
235808	2022	Q1	CS   1011 031	237392	22
235866	2022	Q1	CS   1011 031	237392	22
235022	2022	Q1	CS   1011 031	237392	22
235534	2022	Q1	CS   1011 031	237392	22
235900	2022	Q1	CS   1011 031	237392	22
235901	2022	Q1	CS   1011 031	237392	22
235795	2022	Q1	CS   1011 041	237367	22
235743	2022	Q1	CS   1011 041	237367	22
235775	2022	Q1	CS   1011 041	237367	22
235667	2022	Q1	CS   1011 041	237367	22
235960	2022	Q1	CS   1011 041	237367	22
235489	2022	Q1	CS   1011 041	237367	22
236067	2022	Q1	CS   1011 041	237367	22
235493	2022	Q1	CS   1011 041	237367	22
235749	2022	Q1	CS   1011 041	237367	22
235836	2022	Q1	CS   1011 041	237367	22
235876	2022	Q1	CS   1011 041	237367	22
236068	2022	Q1	CS   1011 041	237367	22
236069	2022	Q1	CS   1011 041	237367	22
235643	2022	Q1	CS   1011 041	237367	22
236070	2022	Q1	CS   1011 041	237367	22
235231	2022	Q1	CS   1011 041	237367	22
236071	2022	Q1	CS   1011 041	237367	22
235501	2022	Q1	CS   1011 041	237367	22
235613	2022	Q1	CS   1011 041	237367	22
234909	2022	Q1	CS   1011 041	237367	22
236072	2022	Q1	CS   1011 041	237367	22
235826	2022	Q1	CS   1011 041	237367	22
235481	2022	Q1	CS   1011 051	237392	22
235482	2022	Q1	CS   1011 051	237392	22
235814	2022	Q1	CS   1011 051	237392	22
235485	2022	Q1	CS   1011 051	237392	22
235744	2022	Q1	CS   1011 051	237392	22
235650	2022	Q1	CS   1011 051	237392	22
235492	2022	Q1	CS   1011 051	237392	22
235854	2022	Q1	CS   1011 051	237392	22
235605	2022	Q1	CS   1011 051	237392	22
235496	2022	Q1	CS   1011 051	237392	22
235856	2022	Q1	CS   1011 051	237392	22
236073	2022	Q1	CS   1011 051	237392	22
235857	2022	Q1	CS   1011 051	237392	22
235679	2022	Q1	CS   1011 051	237392	22
235453	2022	Q1	CS   1011 051	237392	22
235881	2022	Q1	CS   1011 051	237392	22
235863	2022	Q1	CS   1011 051	237392	22
235754	2022	Q1	CS   1011 051	237392	22
236074	2022	Q1	CS   1011 051	237392	22
235682	2022	Q1	CS   1011 051	237392	22
235503	2022	Q1	CS   1011 051	237392	22
235914	2022	Q1	CS   1011 051	237392	22
235635	2022	Q1	CS   1011 061	237393	23
235887	2022	Q1	CS   1011 061	237393	23
235462	2022	Q1	CS   1011 061	237393	23
236075	2022	Q1	CS   1011 061	237393	23
236076	2022	Q1	CS   1011 061	237393	23
235446	2022	Q1	CS   1011 061	237393	23
236077	2022	Q1	CS   1011 061	237393	23
235449	2022	Q1	CS   1011 061	237393	23
235468	2022	Q1	CS   1011 061	237393	23
235450	2022	Q1	CS   1011 061	237393	23
235736	2022	Q1	CS   1011 061	237393	23
235469	2022	Q1	CS   1011 061	237393	23
235162	2022	Q1	CS   1011 061	237393	23
234988	2022	Q1	CS   1011 061	237393	23
235713	2022	Q1	CS   1011 061	237393	23
235609	2022	Q1	CS   1011 061	237393	23
235480	2022	Q1	CS   1011 061	237393	23
235456	2022	Q1	CS   1011 061	237393	23
235720	2022	Q1	CS   1011 061	237393	23
235458	2022	Q1	CS   1011 061	237393	23
235459	2022	Q1	CS   1011 061	237393	23
235956	2022	Q1	CS   1011 061	237393	23
235723	2022	Q1	CS   1011 061	237393	23
235442	2022	Q1	CS   1011 071	237394	21
235443	2022	Q1	CS   1011 071	237394	21
235406	2022	Q1	CS   1011 071	237394	21
235444	2022	Q1	CS   1011 071	237394	21
235745	2022	Q1	CS   1011 071	237394	21
235463	2022	Q1	CS   1011 071	237394	21
235689	2022	Q1	CS   1011 071	237394	21
235448	2022	Q1	CS   1011 071	237394	21
235470	2022	Q1	CS   1011 071	237394	21
235473	2022	Q1	CS   1011 071	237394	21
235677	2022	Q1	CS   1011 071	237394	21
236078	2022	Q1	CS   1011 071	237394	21
235475	2022	Q1	CS   1011 071	237394	21
235680	2022	Q1	CS   1011 071	237394	21
235017	2022	Q1	CS   1011 071	237394	21
235479	2022	Q1	CS   1011 071	237394	21
235629	2022	Q1	CS   1011 071	237394	21
236079	2022	Q1	CS   1011 071	237394	21
235898	2022	Q1	CS   1011 071	237394	21
236080	2022	Q1	CS   1011 071	237394	21
236081	2022	Q1	CS   1011 071	237394	21
235724	2022	Q1	CS   1011 081	237393	20
235461	2022	Q1	CS   1011 081	237393	20
235487	2022	Q1	CS   1011 081	237393	20
235963	2022	Q1	CS   1011 081	237393	20
235707	2022	Q1	CS   1011 081	237393	20
235619	2022	Q1	CS   1011 081	237393	20
235951	2022	Q1	CS   1011 081	237393	20
235465	2022	Q1	CS   1011 081	237393	20
235467	2022	Q1	CS   1011 081	237393	20
235656	2022	Q1	CS   1011 081	237393	20
235942	2022	Q1	CS   1011 081	237393	20
235967	2022	Q1	CS   1011 081	237393	20
235472	2022	Q1	CS   1011 081	237393	20
235476	2022	Q1	CS   1011 081	237393	20
235407	2022	Q1	CS   1011 081	237393	20
235478	2022	Q1	CS   1011 081	237393	20
234993	2022	Q1	CS   1011 081	237393	20
235702	2022	Q1	CS   1011 081	237393	20
235648	2022	Q1	CS   1011 081	237393	20
235460	2022	Q1	CS   1011 081	237393	20
236201	2022	Q1	SE   3010 001	237398	24
236214	2022	Q1	SE   3010 001	237398	24
236202	2022	Q1	SE   3010 001	237398	24
236190	2022	Q1	SE   3010 001	237398	24
236191	2022	Q1	SE   3010 001	237398	24
236180	2022	Q1	SE   3010 001	237398	24
236181	2022	Q1	SE   3010 001	237398	24
236204	2022	Q1	SE   3010 001	237398	24
235245	2022	Q1	SE   3010 001	237398	24
236194	2022	Q1	SE   3010 001	237398	24
236182	2022	Q1	SE   3010 001	237398	24
236183	2022	Q1	SE   3010 001	237398	24
236207	2022	Q1	SE   3010 001	237398	24
236197	2022	Q1	SE   3010 001	237398	24
236208	2022	Q1	SE   3010 001	237398	24
236219	2022	Q1	SE   3010 001	237398	24
236210	2022	Q1	SE   3010 001	237398	24
236200	2022	Q1	SE   3010 001	237398	24
236102	2022	Q1	SE   3010 001	237398	24
236187	2022	Q1	SE   3010 001	237398	24
236188	2022	Q1	SE   3010 001	237398	24
236212	2022	Q1	SE   3010 001	237398	24
236213	2022	Q1	SE   3010 001	237398	24
235234	2022	Q1	SE   3010 001	237398	24
236215	2022	Q1	SE   3010 002	237392	25
236886	2022	Q1	SE   3010 002	237392	25
236193	2022	Q1	SE   3010 002	237392	25
236216	2022	Q1	SE   3010 002	237392	25
236205	2022	Q1	SE   3010 002	237392	25
236217	2022	Q1	SE   3010 002	237392	25
236195	2022	Q1	SE   3010 002	237392	25
236172	2022	Q1	SE   3010 002	237392	25
236206	2022	Q1	SE   3010 002	237392	25
236173	2022	Q1	SE   3010 002	237392	25
236184	2022	Q1	SE   3010 002	237392	25
236794	2022	Q1	SE   3010 002	237392	25
236218	2022	Q1	SE   3010 002	237392	25
236738	2022	Q1	SE   3010 002	237392	25
236198	2022	Q1	SE   3010 002	237392	25
236175	2022	Q1	SE   3010 002	237392	25
236176	2022	Q1	SE   3010 002	237392	25
235262	2022	Q1	SE   3010 002	237392	25
236888	2022	Q1	SE   3010 002	237392	25
236209	2022	Q1	SE   3010 002	237392	25
236211	2022	Q1	SE   3010 002	237392	25
236177	2022	Q1	SE   3010 002	237392	25
236178	2022	Q1	SE   3010 002	237392	25
236179	2022	Q1	SE   3010 002	237392	25
236220	2022	Q1	SE   3010 002	237392	25
236186	2022	Q1	SE   3020 011	237398	1
236082	2022	Q1	SE   2030 011	237553	15
235649	2022	Q1	SE   2030 011	237553	15
235024	2022	Q1	SE   2030 011	237553	15
235221	2022	Q1	SE   2030 011	237553	15
236094	2022	Q1	SE   2030 011	237553	15
236104	2022	Q1	SE   2030 011	237553	15
236083	2022	Q1	SE   2030 011	237553	15
235007	2022	Q1	SE   2030 011	237553	15
235246	2022	Q1	SE   2030 011	237553	15
235008	2022	Q1	SE   2030 011	237553	15
236084	2022	Q1	SE   2030 011	237553	15
235227	2022	Q1	SE   2030 011	237553	15
236097	2022	Q1	SE   2030 011	237553	15
236141	2022	Q1	SE   2030 011	237553	15
234976	2022	Q1	SE   2030 011	237553	15
234957	2022	Q1	SE   2030 021	237553	20
235023	2022	Q1	SE   2030 021	237553	20
235025	2022	Q1	SE   2030 021	237553	20
235003	2022	Q1	SE   2030 021	237553	20
235005	2022	Q1	SE   2030 021	237553	20
235223	2022	Q1	SE   2030 021	237553	20
235006	2022	Q1	SE   2030 021	237553	20
236105	2022	Q1	SE   2030 021	237553	20
236101	2022	Q1	SE   2030 021	237553	20
236096	2022	Q1	SE   2030 021	237553	20
236093	2022	Q1	SE   2030 021	237553	20
236085	2022	Q1	SE   2030 021	237553	20
235016	2022	Q1	SE   2030 021	237553	20
235035	2022	Q1	SE   2030 021	237553	20
235256	2022	Q1	SE   2030 021	237553	20
235019	2022	Q1	SE   2030 021	237553	20
237086	2022	Q1	SE   2030 021	237553	20
236099	2022	Q1	SE   2030 021	237553	20
236103	2022	Q1	SE   2030 021	237553	20
236089	2022	Q1	SE   2030 021	237553	20
235197	2022	Q1	SE   2030 031	237394	19
235043	2022	Q1	SE   2030 031	237394	19
235001	2022	Q1	SE   2030 031	237394	19
234965	2022	Q1	SE   2030 031	237394	19
235224	2022	Q1	SE   2030 031	237394	19
235130	2022	Q1	SE   2030 031	237394	19
235012	2022	Q1	SE   2030 031	237394	19
235225	2022	Q1	SE   2030 031	237394	19
235053	2022	Q1	SE   2030 031	237394	19
235064	2022	Q1	SE   2030 031	237394	19
235014	2022	Q1	SE   2030 031	237394	19
235205	2022	Q1	SE   2030 031	237394	19
236174	2022	Q1	SE   2030 031	237394	19
235034	2022	Q1	SE   2030 031	237394	19
236159	2022	Q1	SE   2030 031	237394	19
235037	2022	Q1	SE   2030 031	237394	19
235171	2022	Q1	SE   2030 031	237394	19
236107	2022	Q1	SE   2030 031	237394	19
235042	2022	Q1	SE   2030 031	237394	19
235258	2022	Q1	SE   2030 041	237402	17
235158	2022	Q1	SE   2030 041	237402	17
236885	2022	Q1	SE   2030 041	237402	17
235048	2022	Q1	SE   2030 041	237402	17
236086	2022	Q1	SE   2030 041	237402	17
236157	2022	Q1	SE   2030 041	237402	17
235029	2022	Q1	SE   2030 041	237402	17
235202	2022	Q1	SE   2030 041	237402	17
236087	2022	Q1	SE   2030 041	237402	17
235032	2022	Q1	SE   2030 041	237402	17
236111	2022	Q1	SE   2030 041	237402	17
235127	2022	Q1	SE   2030 041	237402	17
235055	2022	Q1	SE   2030 041	237402	17
235056	2022	Q1	SE   2030 041	237402	17
236098	2022	Q1	SE   2030 041	237402	17
236100	2022	Q1	SE   2030 041	237402	17
236113	2022	Q1	SE   2030 041	237402	17
234942	2022	Q1	SE   2030 051	237404	13
234960	2022	Q1	SE   2030 051	237404	13
235002	2022	Q1	SE   2030 051	237404	13
234964	2022	Q1	SE   2030 051	237404	13
236106	2022	Q1	SE   2030 051	237404	13
235230	2022	Q1	SE   2030 051	237404	13
235756	2022	Q1	SE   2030 051	237404	13
235058	2022	Q1	SE   2030 051	237404	13
236088	2022	Q1	SE   2030 051	237404	13
235020	2022	Q1	SE   2030 051	237404	13
235021	2022	Q1	SE   2030 051	237404	13
235115	2022	Q1	SE   2030 051	237404	13
236108	2022	Q1	SE   2030 051	237404	13
235345	2022	Q1	BE   410  001	237358	15
235358	2022	Q1	BE   410  001	237358	15
235347	2022	Q1	BE   410  001	237358	15
235349	2022	Q1	BE   410  001	237358	15
235360	2022	Q1	BE   410  001	237358	15
235361	2022	Q1	BE   410  001	237358	15
235350	2022	Q1	BE   410  001	237358	15
235351	2022	Q1	BE   410  001	237358	15
234936	2022	Q1	BE   410  001	237358	15
235363	2022	Q1	BE   410  001	237358	15
235367	2022	Q1	BE   410  001	237358	15
235093	2022	Q1	BE   410  001	237358	15
235371	2022	Q1	BE   410  001	237358	15
235355	2022	Q1	BE   410  001	237358	15
235356	2022	Q1	BE   410  001	237358	15
236584	2022	Q1	EE   3900B011	237422	17
236585	2022	Q1	EE   3900B011	237422	17
236643	2022	Q1	EE   3900B011	237422	17
236573	2022	Q1	EE   3900B011	237422	17
236587	2022	Q1	EE   3900B011	237422	17
236588	2022	Q1	EE   3900B011	237422	17
236574	2022	Q1	EE   3900B011	237422	17
236575	2022	Q1	EE   3900B011	237422	17
236576	2022	Q1	EE   3900B011	237422	17
236577	2022	Q1	EE   3900B011	237422	17
236589	2022	Q1	EE   3900B011	237422	17
236578	2022	Q1	EE   3900B011	237422	17
236579	2022	Q1	EE   3900B011	237422	17
236580	2022	Q1	EE   3900B011	237422	17
236591	2022	Q1	EE   3900B011	237422	17
236582	2022	Q1	EE   3900B011	237422	17
236583	2022	Q1	EE   3900B011	237422	17
236571	2022	Q1	EE   3900B012	237422	9
236572	2022	Q1	EE   3900B012	237422	9
236586	2022	Q1	EE   3900B012	237422	9
236639	2022	Q1	EE   3900B012	237422	9
236644	2022	Q1	EE   3900B012	237422	9
236590	2022	Q1	EE   3900B012	237422	9
236581	2022	Q1	EE   3900B012	237422	9
236592	2022	Q1	EE   3900B012	237422	9
236593	2022	Q1	EE   3900B012	237422	9
236860	2022	Q1	IE   431  101	237457	22
236382	2022	Q1	IE   431  101	237457	22
236861	2022	Q1	IE   431  101	237457	22
236862	2022	Q1	IE   431  101	237457	22
236863	2022	Q1	IE   431  101	237457	22
236383	2022	Q1	IE   431  101	237457	22
234958	2022	Q1	IE   431  101	237457	22
234959	2022	Q1	IE   431  101	237457	22
236864	2022	Q1	IE   431  101	237457	22
236865	2022	Q1	IE   431  101	237457	22
236866	2022	Q1	IE   431  101	237457	22
236850	2022	Q1	IE   431  101	237457	22
236867	2022	Q1	IE   431  101	237457	22
236762	2022	Q1	IE   431  101	237457	22
236868	2022	Q1	IE   431  101	237457	22
236014	2022	Q1	IE   431  101	237457	22
235574	2022	Q1	IE   431  101	237457	22
236869	2022	Q1	IE   431  101	237457	22
236870	2022	Q1	IE   431  101	237457	22
234995	2022	Q1	IE   431  101	237457	22
234922	2022	Q1	IE   431  101	237457	22
236810	2022	Q1	IE   431  101	237457	22
235441	2022	Q1	MA   120A 007	237468	31
234911	2022	Q1	MA   120A 007	237468	31
234606	2022	Q1	MA   120A 007	237468	31
234607	2022	Q1	MA   120A 007	237468	31
234633	2022	Q1	MA   120A 007	237468	31
235618	2022	Q1	MA   120A 007	237468	31
235761	2022	Q1	MA   120A 007	237468	31
235600	2022	Q1	MA   120A 007	237468	31
235297	2022	Q1	MA   120A 007	237468	31
235688	2022	Q1	MA   120A 007	237468	31
235952	2022	Q1	MA   120A 007	237468	31
235764	2022	Q1	MA   120A 007	237468	31
235766	2022	Q1	MA   120A 007	237468	31
235836	2022	Q1	MA   120A 007	237468	31
236715	2022	Q1	MA   120A 007	237468	31
234622	2022	Q1	MA   120A 007	237468	31
235734	2022	Q1	MA   120A 007	237468	31
234930	2022	Q1	MA   120A 007	237468	31
235606	2022	Q1	MA   120A 007	237468	31
235471	2022	Q1	MA   120A 007	237468	31
235841	2022	Q1	MA   120A 007	237468	31
235454	2022	Q1	MA   120A 007	237468	31
235480	2022	Q1	MA   120A 007	237468	31
235631	2022	Q1	MA   120A 007	237468	31
235948	2022	Q1	MA   120A 007	237468	31
234938	2022	Q1	MA   120A 007	237468	31
235279	2022	Q1	MA   120A 007	237468	31
236319	2022	Q1	MA   120A 007	237468	31
236307	2022	Q1	MA   120A 007	237468	31
234652	2022	Q1	MA   120A 007	237468	31
235828	2022	Q1	MA   120A 007	237468	31
235481	2022	Q1	MA   136  003	237316	26
235934	2022	Q1	MA   136  003	237316	26
234605	2022	Q1	MA   136  003	237316	26
236090	2022	Q1	MA   136  003	237316	26
235961	2022	Q1	MA   136  003	237316	26
235918	2022	Q1	MA   136  003	237316	26
235744	2022	Q1	MA   136  003	237316	26
235745	2022	Q1	MA   136  003	237316	26
235635	2022	Q1	MA   136  003	237316	26
235798	2022	Q1	MA   136  003	237316	26
234662	2022	Q1	MA   136  003	237316	26
235298	2022	Q1	MA   136  003	237316	26
234663	2022	Q1	MA   136  003	237316	26
235972	2022	Q1	MA   136  003	237316	26
235730	2022	Q1	MA   136  003	237316	26
235733	2022	Q1	MA   136  003	237316	26
235736	2022	Q1	MA   136  003	237316	26
235969	2022	Q1	MA   136  003	237316	26
235627	2022	Q1	MA   136  003	237316	26
235788	2022	Q1	MA   136  003	237316	26
236003	2022	Q1	MA   136  003	237316	26
235133	2022	Q1	MA   136  003	237316	26
235810	2022	Q1	MA   136  003	237316	26
235846	2022	Q1	MA   136  003	237316	26
234674	2022	Q1	MA   136  003	237316	26
236301	2022	Q1	MA   136  003	237316	26
235442	2022	Q1	MA   136  005	237467	24
235634	2022	Q1	MA   136  005	237467	24
235872	2022	Q1	MA   136  005	237467	24
235444	2022	Q1	MA   136  005	237467	24
235849	2022	Q1	MA   136  005	237467	24
235687	2022	Q1	MA   136  005	237467	24
235904	2022	Q1	MA   136  005	237467	24
235708	2022	Q1	MA   136  005	237467	24
235875	2022	Q1	MA   136  005	237467	24
235731	2022	Q1	MA   136  005	237467	24
235287	2022	Q1	MA   136  005	237467	24
235470	2022	Q1	MA   136  005	237467	24
235910	2022	Q1	MA   136  005	237467	24
235674	2022	Q1	MA   136  005	237467	24
235943	2022	Q1	MA   136  005	237467	24
236078	2022	Q1	MA   136  005	237467	24
235289	2022	Q1	MA   136  005	237467	24
235610	2022	Q1	MA   136  005	237467	24
235717	2022	Q1	MA   136  005	237467	24
234578	2022	Q1	MA   136  005	237467	24
235632	2022	Q1	MA   136  005	237467	24
235704	2022	Q1	MA   136  005	237467	24
236592	2022	Q1	MA   136  005	237467	24
235460	2022	Q1	MA   136  005	237467	24
235137	2022	Q1	MA   136  006	237471	26
235917	2022	Q1	MA   136  006	237471	26
235406	2022	Q1	MA   136  006	237471	26
234926	2022	Q1	MA   136  006	237471	26
234655	2022	Q1	MA   136  006	237471	26
235283	2022	Q1	MA   136  006	237471	26
235445	2022	Q1	MA   136  006	237471	26
235728	2022	Q1	MA   136  006	237471	26
236305	2022	Q1	MA   136  006	237471	26
235951	2022	Q1	MA   136  006	237471	26
235689	2022	Q1	MA   136  006	237471	26
235621	2022	Q1	MA   136  006	237471	26
234612	2022	Q1	MA   136  006	237471	26
235467	2022	Q1	MA   136  006	237471	26
235637	2022	Q1	MA   136  006	237471	26
235711	2022	Q1	MA   136  006	237471	26
236297	2022	Q1	MA   136  006	237471	26
235452	2022	Q1	MA   136  006	237471	26
235861	2022	Q1	MA   136  006	237471	26
235862	2022	Q1	MA   136  006	237471	26
235863	2022	Q1	MA   136  006	237471	26
235700	2022	Q1	MA   136  006	237471	26
235647	2022	Q1	MA   136  006	237471	26
236306	2022	Q1	MA   136  006	237471	26
234631	2022	Q1	MA   136  006	237471	26
235901	2022	Q1	MA   136  006	237471	26
235963	2022	Q1	MA   137  001	237472	26
235852	2022	Q1	MA   137  001	237472	26
234569	2022	Q1	MA   137  001	237472	26
235010	2022	Q1	MA   137  001	237472	26
235735	2022	Q1	MA   137  001	237472	26
235031	2022	Q1	MA   137  001	237472	26
235752	2022	Q1	MA   137  001	237472	26
236087	2022	Q1	MA   137  001	237472	26
236011	2022	Q1	MA   137  001	237472	26
235473	2022	Q1	MA   137  001	237472	26
235842	2022	Q1	MA   137  001	237472	26
235945	2022	Q1	MA   137  001	237472	26
235475	2022	Q1	MA   137  001	237472	26
235516	2022	Q1	MA   137  001	237472	26
235121	2022	Q1	MA   137  001	237472	26
235681	2022	Q1	MA   137  001	237472	26
235307	2022	Q1	MA   137  001	237472	26
234974	2022	Q1	MA   137  001	237472	26
234582	2022	Q1	MA   137  001	237472	26
235683	2022	Q1	MA   137  001	237472	26
235059	2022	Q1	MA   137  001	237472	26
235040	2022	Q1	MA   137  001	237472	26
234630	2022	Q1	MA   137  001	237472	26
236107	2022	Q1	MA   137  001	237472	26
236513	2022	Q1	MA   137  001	237472	26
234777	2022	Q1	MA   137  001	237472	26
236161	2022	Q1	MA   262  003	237475	19
234640	2022	Q1	MA   262  003	237475	19
235000	2022	Q1	MA   262  003	237475	19
236128	2022	Q1	MA   262  003	237475	19
236135	2022	Q1	MA   262  003	237475	19
236902	2022	Q1	MA   262  003	237475	19
236137	2022	Q1	MA   262  003	237475	19
236855	2022	Q1	MA   262  003	237475	19
234707	2022	Q1	MA   262  003	237475	19
235028	2022	Q1	MA   262  003	237475	19
236119	2022	Q1	MA   262  003	237475	19
236139	2022	Q1	MA   262  003	237475	19
236123	2022	Q1	MA   262  003	237475	19
236143	2022	Q1	MA   262  003	237475	19
236367	2022	Q1	MA   262  003	237475	19
235038	2022	Q1	MA   262  003	237475	19
236155	2022	Q1	MA   262  003	237475	19
236633	2022	Q1	MA   262  003	237475	19
236081	2022	Q1	MA   262  003	237475	19
235128	2022	Q1	MA   383  002	237471	25
236565	2022	Q1	MA   383  002	237471	25
236599	2022	Q1	MA   383  002	237471	25
236909	2022	Q1	MA   383  002	237471	25
236488	2022	Q1	MA   383  002	237471	25
236752	2022	Q1	MA   383  002	237471	25
236910	2022	Q1	MA   383  002	237471	25
236203	2022	Q1	MA   383  002	237471	25
236902	2022	Q1	MA   383  002	237471	25
236831	2022	Q1	MA   383  002	237471	25
236268	2022	Q1	MA   383  002	237471	25
236651	2022	Q1	MA   383  002	237471	25
235108	2022	Q1	MA   383  002	237471	25
236911	2022	Q1	MA   383  002	237471	25
236794	2022	Q1	MA   383  002	237471	25
236912	2022	Q1	MA   383  002	237471	25
236913	2022	Q1	MA   383  002	237471	25
236580	2022	Q1	MA   383  002	237471	25
236914	2022	Q1	MA   383  002	237471	25
236429	2022	Q1	MA   383  002	237471	25
236568	2022	Q1	MA   383  002	237471	25
235547	2022	Q1	MA   383  002	237471	25
235597	2022	Q1	MA   383  002	237471	25
236542	2022	Q1	MA   383  002	237471	25
235232	2022	Q1	MA   383  002	237471	25
236751	2022	Q1	ME   2001 006	237495	26
236469	2022	Q1	ME   2001 006	237495	26
236393	2022	Q1	ME   2001 006	237495	26
235995	2022	Q1	ME   2001 006	237495	26
236490	2022	Q1	ME   2001 006	237495	26
236491	2022	Q1	ME   2001 006	237495	26
235802	2022	Q1	ME   2001 006	237495	26
236471	2022	Q1	ME   2001 006	237495	26
236420	2022	Q1	ME   2001 006	237495	26
236714	2022	Q1	ME   2001 006	237495	26
236496	2022	Q1	ME   2001 006	237495	26
236472	2022	Q1	ME   2001 006	237495	26
236447	2022	Q1	ME   2001 006	237495	26
236476	2022	Q1	ME   2001 006	237495	26
236010	2022	Q1	ME   2001 006	237495	26
236477	2022	Q1	ME   2001 006	237495	26
236450	2022	Q1	ME   2001 006	237495	26
236454	2022	Q1	ME   2001 006	237495	26
236883	2022	Q1	ME   2001 006	237495	26
236455	2022	Q1	ME   2001 006	237495	26
236503	2022	Q1	ME   2001 006	237495	26
236504	2022	Q1	ME   2001 006	237495	26
236430	2022	Q1	ME   2001 006	237495	26
236506	2022	Q1	ME   2001 006	237495	26
236483	2022	Q1	ME   2001 006	237495	26
236411	2022	Q1	ME   2001 006	237495	26
236412	2022	Q1	PH   2031 021	237550	17
236413	2022	Q1	PH   2031 021	237550	17
234701	2022	Q1	PH   2031 021	237550	17
235995	2022	Q1	PH   2031 021	237550	17
236526	2022	Q1	PH   2031 021	237550	17
236402	2022	Q1	PH   2031 021	237550	17
236169	2022	Q1	PH   2031 021	237550	17
235189	2022	Q1	PH   2031 021	237550	17
236557	2022	Q1	PH   2031 021	237550	17
236519	2022	Q1	PH   2031 021	237550	17
236410	2022	Q1	PH   2031 021	237550	17
235457	2022	Q1	PH   2031 021	237550	17
236710	2022	Q1	PH   2031 021	237550	17
236171	2022	Q1	PH   2031 021	237550	17
235195	2022	Q1	PH   2031 021	237550	17
236099	2022	Q1	PH   2031 021	237550	17
235949	2022	Q1	PH   2031 021	237550	17
235847	2022	Q1	EE   1000 021	237417	19
236388	2022	Q1	EE   1000 021	237417	19
235615	2022	Q1	EE   1000 021	237417	19
235617	2022	Q1	EE   1000 021	237417	19
235636	2022	Q1	EE   1000 021	237417	19
235952	2022	Q1	EE   1000 021	237417	19
235733	2022	Q1	EE   1000 021	237417	19
235734	2022	Q1	EE   1000 021	237417	19
235710	2022	Q1	EE   1000 021	237417	19
235673	2022	Q1	EE   1000 021	237417	19
235639	2022	Q1	EE   1000 021	237417	19
235923	2022	Q1	EE   1000 021	237417	19
235954	2022	Q1	EE   1000 021	237417	19
235645	2022	Q1	EE   1000 021	237417	19
235611	2022	Q1	EE   1000 021	237417	19
236389	2022	Q1	EE   1000 021	237417	19
235631	2022	Q1	EE   1000 021	237417	19
234974	2022	Q1	EE   1000 021	237417	19
235040	2022	Q1	EE   1000 021	237417	19
235933	2022	Q1	GS   1001 019	237437	19
235872	2022	Q1	GS   1001 019	237437	19
235832	2022	Q1	GS   1001 019	237437	19
235850	2022	Q1	GS   1001 019	237437	19
235936	2022	Q1	GS   1001 019	237437	19
235853	2022	Q1	GS   1001 019	237437	19
234678	2022	Q1	GS   1001 019	237437	19
235300	2022	Q1	GS   1001 019	237437	19
234680	2022	Q1	GS   1001 019	237437	19
235782	2022	Q1	GS   1001 019	237437	19
235923	2022	Q1	GS   1001 019	237437	19
234914	2022	Q1	GS   1001 019	237437	19
235806	2022	Q1	GS   1001 019	237437	19
235861	2022	Q1	GS   1001 019	237437	19
235882	2022	Q1	GS   1001 019	237437	19
234577	2022	Q1	GS   1001 019	237437	19
235631	2022	Q1	GS   1001 019	237437	19
235948	2022	Q1	GS   1001 019	237437	19
234687	2022	Q1	GS   1001 019	237437	19
236819	2022	Q1	HU   494  001	237438	24
236820	2022	Q1	HU   494  001	237438	24
236248	2022	Q1	HU   494  001	237438	24
236821	2022	Q1	HU   494  001	237438	24
235169	2022	Q1	HU   494  001	237438	24
236822	2022	Q1	HU   494  001	237438	24
235996	2022	Q1	HU   494  001	237438	24
236823	2022	Q1	HU   494  001	237438	24
236118	2022	Q1	HU   494  001	237438	24
236365	2022	Q1	HU   494  001	237438	24
236824	2022	Q1	HU   494  001	237438	24
236805	2022	Q1	HU   494  001	237438	24
236807	2022	Q1	HU   494  001	237438	24
235188	2022	Q1	HU   494  001	237438	24
236825	2022	Q1	HU   494  001	237438	24
236154	2022	Q1	HU   494  001	237438	24
236826	2022	Q1	HU   494  001	237438	24
236269	2022	Q1	HU   494  001	237438	24
236827	2022	Q1	HU   494  001	237438	24
235114	2022	Q1	HU   494  001	237438	24
236547	2022	Q1	HU   494  001	237438	24
236343	2022	Q1	HU   494  001	237438	24
235552	2022	Q1	HU   494  001	237438	24
236259	2022	Q1	HU   494  001	237438	24
235294	2022	Q1	MA   120A 008	237468	28
235686	2022	Q1	MA   120A 008	237468	28
235902	2022	Q1	MA   120A 008	237468	28
235264	2022	Q1	MA   120A 008	237468	28
234638	2022	Q1	MA   120A 008	237468	28
235706	2022	Q1	MA   120A 008	237468	28
234642	2022	Q1	MA   120A 008	237468	28
235760	2022	Q1	MA   120A 008	237468	28
234946	2022	Q1	MA   120A 008	237468	28
235601	2022	Q1	MA   120A 008	237468	28
235491	2022	Q1	MA   120A 008	237468	28
235670	2022	Q1	MA   120A 008	237468	28
236294	2022	Q1	MA   120A 008	237468	28
236295	2022	Q1	MA   120A 008	237468	28
235968	2022	Q1	MA   120A 008	237468	28
234666	2022	Q1	MA   120A 008	237468	28
235768	2022	Q1	MA   120A 008	237468	28
235272	2022	Q1	MA   120A 008	237468	28
235954	2022	Q1	MA   120A 008	237468	28
234669	2022	Q1	MA   120A 008	237468	28
235642	2022	Q1	MA   120A 008	237468	28
235275	2022	Q1	MA   120A 008	237468	28
235276	2022	Q1	MA   120A 008	237468	28
235947	2022	Q1	MA   120A 008	237468	28
235755	2022	Q1	MA   120A 008	237468	28
234673	2022	Q1	MA   120A 008	237468	28
235249	2022	Q1	MA   120A 008	237468	28
235971	2022	Q1	MA   120A 008	237468	28
235633	2022	Q1	MA   137  004	237465	27
235884	2022	Q1	MA   137  004	237465	27
235992	2022	Q1	MA   137  004	237465	27
234643	2022	Q1	MA   137  004	237465	27
235746	2022	Q1	MA   137  004	237465	27
235668	2022	Q1	MA   137  004	237465	27
236309	2022	Q1	MA   137  004	237465	27
236104	2022	Q1	MA   137  004	237465	27
235669	2022	Q1	MA   137  004	237465	27
234768	2022	Q1	MA   137  004	237465	27
235940	2022	Q1	MA   137  004	237465	27
235624	2022	Q1	MA   137  004	237465	27
235710	2022	Q1	MA   137  004	237465	27
236091	2022	Q1	MA   137  004	237465	27
236010	2022	Q1	MA   137  004	237465	27
235889	2022	Q1	MA   137  004	237465	27
235628	2022	Q1	MA   137  004	237465	27
235821	2022	Q1	MA   137  004	237465	27
235274	2022	Q1	MA   137  004	237465	27
235893	2022	Q1	MA   137  004	237465	27
235739	2022	Q1	MA   137  004	237465	27
235979	2022	Q1	MA   137  004	237465	27
235630	2022	Q1	MA   137  004	237465	27
236062	2022	Q1	MA   137  004	237465	27
235792	2022	Q1	MA   137  004	237465	27
236041	2022	Q1	MA   137  004	237465	27
236018	2022	Q1	MA   137  004	237465	27
236515	2022	Q1	MA   2323 002	237472	28
236441	2022	Q1	MA   2323 002	237472	28
235871	2022	Q1	MA   2323 002	237472	28
234702	2022	Q1	MA   2323 002	237472	28
235062	2022	Q1	MA   2323 002	237472	28
235522	2022	Q1	MA   2323 002	237472	28
235221	2022	Q1	MA   2323 002	237472	28
234807	2022	Q1	MA   2323 002	237472	28
235906	2022	Q1	MA   2323 002	237472	28
235907	2022	Q1	MA   2323 002	237472	28
235803	2022	Q1	MA   2323 002	237472	28
234706	2022	Q1	MA   2323 002	237472	28
235855	2022	Q1	MA   2323 002	237472	28
235030	2022	Q1	MA   2323 002	237472	28
235525	2022	Q1	MA   2323 002	237472	28
236530	2022	Q1	MA   2323 002	237472	28
236097	2022	Q1	MA   2323 002	237472	28
236531	2022	Q1	MA   2323 002	237472	28
234794	2022	Q1	MA   2323 002	237472	28
236890	2022	Q1	MA   2323 002	237472	28
235262	2022	Q1	MA   2323 002	237472	28
236459	2022	Q1	MA   2323 002	237472	28
234731	2022	Q1	MA   2323 002	237472	28
236407	2022	Q1	MA   2323 002	237472	28
235020	2022	Q1	MA   2323 002	237472	28
235533	2022	Q1	MA   2323 002	237472	28
234719	2022	Q1	MA   2323 002	237472	28
236108	2022	Q1	MA   2323 002	237472	28
235813	2022	Q1	MA   235  002	237468	29
236388	2022	Q1	MA   235  002	237468	29
236024	2022	Q1	MA   235  002	237468	29
234704	2022	Q1	MA   235  002	237468	29
234620	2022	Q1	MA   235  002	237468	29
236417	2022	Q1	MA   235  002	237468	29
236418	2022	Q1	MA   235  002	237468	29
236445	2022	Q1	MA   235  002	237468	29
236490	2022	Q1	MA   235  002	237468	29
236526	2022	Q1	MA   235  002	237468	29
235802	2022	Q1	MA   235  002	237468	29
235446	2022	Q1	MA   235  002	237468	29
236851	2022	Q1	MA   235  002	237468	29
235975	2022	Q1	MA   235  002	237468	29
236449	2022	Q1	MA   235  002	237468	29
235751	2022	Q1	MA   235  002	237468	29
234634	2022	Q1	MA   235  002	237468	29
235512	2022	Q1	MA   235  002	237468	29
236427	2022	Q1	MA   235  002	237468	29
236501	2022	Q1	MA   235  002	237468	29
235978	2022	Q1	MA   235  002	237468	29
236451	2022	Q1	MA   235  002	237468	29
236027	2022	Q1	MA   235  002	237468	29
236038	2022	Q1	MA   235  002	237468	29
235912	2022	Q1	MA   235  002	237468	29
236504	2022	Q1	MA   235  002	237468	29
236848	2022	Q1	MA   235  002	237468	29
236535	2022	Q1	MA   235  002	237468	29
236436	2022	Q1	MA   235  002	237468	29
236819	2022	Q1	MA   383  003	237317	25
236751	2022	Q1	MA   383  003	237317	25
235535	2022	Q1	MA   383  003	237317	25
236915	2022	Q1	MA   383  003	237317	25
236916	2022	Q1	MA   383  003	237317	25
236917	2022	Q1	MA   383  003	237317	25
236813	2022	Q1	MA   383  003	237317	25
236918	2022	Q1	MA   383  003	237317	25
236776	2022	Q1	MA   383  003	237317	25
234866	2022	Q1	MA   383  003	237317	25
236807	2022	Q1	MA   383  003	237317	25
236919	2022	Q1	MA   383  003	237317	25
236920	2022	Q1	MA   383  003	237317	25
236921	2022	Q1	MA   383  003	237317	25
236922	2022	Q1	MA   383  003	237317	25
236265	2022	Q1	MA   383  003	237317	25
236097	2022	Q1	MA   383  003	237317	25
235474	2022	Q1	MA   383  003	237317	25
234714	2022	Q1	MA   383  003	237317	25
236093	2022	Q1	MA   383  003	237317	25
236923	2022	Q1	MA   383  003	237317	25
236632	2022	Q1	MA   383  003	237317	25
236924	2022	Q1	MA   383  003	237317	25
234584	2022	Q1	MA   383  003	237317	25
236925	2022	Q1	MA   383  003	237317	25
236754	2022	Q1	ME   490  020	237508	15
236863	2022	Q1	ME   490  020	237508	15
236944	2022	Q1	ME   490  020	237508	15
236866	2022	Q1	ME   490  020	237508	15
236941	2022	Q1	ME   490  020	237508	15
236806	2022	Q1	ME   490  020	237508	15
237140	2022	Q1	ME   490  020	237508	15
237141	2022	Q1	ME   490  020	237508	15
237132	2022	Q1	ME   490  020	237508	15
236843	2022	Q1	ME   490  020	237508	15
237134	2022	Q1	ME   490  020	237508	15
237121	2022	Q1	ME   490  020	237508	15
236765	2022	Q1	ME   490  020	237508	15
237073	2022	Q1	ME   490  020	237508	15
237137	2022	Q1	ME   490  020	237508	15
